9	1.221	0.026
10	1.097	0.009
12	0.914	0.014
13	0.953	0.007
14	0.883	0.006
15	0.906	0.006
16	0.906	0.007
17	0.891	0.009
18	0.704	0.008
19	0.843	0.011
20	0.851	0.01
23	0.974	0.0038
25	0.932	0.007
26	0.956	0.0036
28	0.8804	0.0036
29	0.849	0.011
31	0.868	0.006
32	0.9211	0.004
34	0.873	0.006
35	0.878	0.005
37	0.8217	0.0044
38	0.7631	0.0028
39	0.898	0.006
41	0.9247	0.0037
42	0.936	0.005
43	0.8194	0.0049
44	0.972	0.006
45	0.97	0.006
47	0.907	0.01
48	0.917	0.013
49	0.969	0.014
50	0.971	0.012
52	0.966	0.007
53	0.996	0.009
55	1.027	0.007
56	1.037	0.014
58	0.98	0.008
59	1.058	0.008
61	1.018	0.01
62	1.063	0.012
64	0.9977	0.0049
65	0.953	0.006
68	0.844	0.01
69	0.895	0.011
70	0.913	0.013
71	0.924	0.01
72	0.861	0.012
73	0.904	0.01
74	0.93	0.013
75	0.988	0.005
76	0.893	0.007
78	0.877	0.006
79	0.8865	0.0033
80	0.818	0.007
81	1.0008	0.0039
83	0.837	0.005
85	0.9867	0.0043
86	0.796	0.023
87	0.844	0.0041
88	0.874	0.008
89	0.872	0.008
91	0.958	0.009
92	0.889	0.007
93	0.952	0.007
94	0.8915	0.0042
95	0.9	0.005
96	0.9349	0.0041
97	0.891	0.012
98	0.9357	0.0032
100	0.79	0.025
101	0.8805	0.004
103	0.82	0.007
104	0.9006	0.0039
106	0.932	0.007
107	0.856	0.007
108	0.9046	0.0048
109	0.926	0.009
113	0.869	0.005
114	0.8275	0.0048
115	0.936	0.008
117	0.936	0.009
118	0.9593	0.0042
119	0.875	0.01
120	0.875	0.009
121	0.8508	0.0043
123	0.844	0.023
125	0.9605	0.0042
126	1.036	0.006
127	0.938	0.0043
129	0.927	0.0036
130	0.916	0.018
131	0.931	0.006
132	0.943	0.009
133	0.953	0.006
140	1.106	0.005
