9	1.312	0.016
10	1.167	0.016
11	0.889	0.013
12	0.986	0.013
13	1.023	0.014
15	0.911	0.013
16	0.896	0.013
17	0.947	0.012
18	0.934	0.015
19	0.899	0.014
20	0.974	0.015
21	0.978	0.014
22	0.991	0.013
23	0.986	0.012
24	0.917	0.014
25	0.932	0.014
26	0.874	0.012
28	0.945	0.015
29	0.944	0.014
30	0.986	0.013
31	0.879	0.012
32	0.926	0.012
34	0.878	0.013
35	0.88	0.013
36	0.817	0.013
37	0.866	0.012
38	0.795	0.013
39	0.903	0.014
41	0.933	0.012
42	0.958	0.014
43	0.825	0.012
44	0.972	0.014
45	0.967	0.012
46	0.992	0.013
47	0.904	0.012
48	0.866	0.012
49	0.972	0.016
50	0.988	0.014
51	0.98	0.014
52	1.235	0.016
53	1.044	0.014
54	1.16	0.018
55	1.134	0.015
56	1.162	0.016
58	1.099	0.014
59	1.18	0.017
60	1.218	0.017
61	1.118	0.015
62	1.164	0.016
63	1.075	0.013
64	1.033	0.014
65	1.04	0.016
67	0.969	0.014
68	0.941	0.012
69	0.927	0.014
70	0.927	0.013
71	0.955	0.013
72	0.899	0.013
73	0.898	0.014
74	0.968	0.011
75	1.013	0.013
76	0.974	0.013
78	0.893	0.012
79	0.903	0.012
80	0.906	0.013
81	1.006	0.014
83	0.827	0.011
85	0.979	0.014
86	0.907	0.014
87	0.852	0.012
88	1	0.013
89	0.927	0.013
90	0.97	0.014
91	0.937	0.013
92	0.893	0.013
93	0.942	0.015
94	0.896	0.013
95	0.898	0.013
96	0.961	0.012
97	0.992	0.015
98	0.951	0.014
99	0.944	0.013
100	0.88	0.013
101	0.895	0.013
103	0.81	0.012
104	0.915	0.013
105	1.079	0.015
106	0.965	0.013
107	0.882	0.012
108	0.933	0.014
109	0.97	0.014
110	0.946	0.014
112	0.995	0.014
113	0.924	0.013
114	0.864	0.012
115	0.704	0.012
116	0.823	0.012
117	0.949	0.013
118	0.941	0.013
119	0.875	0.013
120	0.893	0.013
121	0.844	0.012
123	0.954	0.014
124	0.887	0.013
125	1.001	0.014
126	1.083	0.014
127	0.986	0.015
129	0.931	0.012
130	1.013	0.013
131	0.935	0.014
133	1.006	0.013
